$ 4 0.000005 0.48711659992454737 56 5 50 5e-11
g 656 352 656 368 0 0
f 608 144 656 144 32 1.5 0.02
d 688 176 688 112 2 default
d 688 304 688 240 2 default
f 608 272 656 272 32 1.5 0.02
v 560 208 560 144 0 2 1000 5 5 0 0.4999
209 768 224 768 336 4 0.00001 4.44257569202496 0.001 0.1 1
r 848 224 848 336 0 1000
v 400 304 400 112 0 0 40 5 0 0 0.5
w 688 112 656 112 0
w 656 112 656 128 0
w 656 112 432 112 0
w 656 208 656 240 0
w 656 240 688 240 0
w 656 240 656 256 0
w 688 176 656 176 0
w 656 176 656 160 0
w 656 288 656 304 0
w 656 304 688 304 0
w 656 304 656 352 0
w 656 352 560 352 0
w 400 352 400 304 0
w 768 336 768 352 0
w 768 352 656 352 0
w 768 352 848 352 0
w 848 352 848 336 0
w 656 176 656 208 0
w 768 208 768 224 0
w 768 208 848 208 0
w 848 208 848 224 0
v 560 352 560 288 0 2 1000 5 5 3.141592653589793 0.4999
w 560 352 480 352 0
w 480 352 432 352 0
w 656 208 560 208 0
w 560 144 608 144 0
w 608 272 560 272 0
w 560 272 560 288 0
l 656 208 768 208 0 1 0.004852783903136253 0
209 432 112 432 352 4 0.00001 5 0.001 0.1 1
w 432 112 400 112 0
w 400 352 432 352 0
o 7 1 0 135171 5 0.00625 0 2 7 3
o 5 1 0 4099 20 0.00009765625 1 4 5 3 30 0 30 3
